42899357	42913053
42899357	42913054
42899357	42913055
42899357	42913056
42899357	42913057
42899357	42913058
42899357	42913059
42899357	42913060
42899357	42913061
42899357	42913062
42899357	42913063
42899357	42913064
42899357	42913065
42899357	42913066
42899357	42913067
42899357	42913068
42899357	42913069
42899357	42913070
42899357	42913071
42899357	42913072
42899358	42899328
42899358	42899358
42899358	42913026
42899358	42913027
42899358	42913028
42899358	42913029
42899358	42913030
42899358	42913031
42899358	42913032
42899358	42913033
42899358	42913034
42899358	42913035
42899358	42913036
42899358	42913037
42899358	42913038
42899358	42913039
42899358	42913040
42899358	42913041
42899358	42913042
42899358	42913043
42899358	42913044
42899358	42913045
42899358	42913046
42899358	42913047
42899358	42913048
42899358	42913049
42899358	42913050
42899358	42913051
42899358	42913052