0	51621310
51620090	51624537
51620090	51624649
51620090	51624657
51620090	55488695
51620090	55488696
51620090	55488697
51620090	55488698
51620090	55488699
51620090	55488700
51620091	51425164
51620091	51425165
51620091	51425166
51620091	51425167
51620091	51425168
51620091	51425169
51620091	51425170
51620091	51425171
51620091	51425172
51620091	51425173
51620091	51425174
51620091	51425175
51620091	51425176
51620091	51425177
51620091	51619885
51620091	51620031
51620091	51620084
51620091	51620085
51620091	51620086
51620091	51620087
51620091	51620088
51620091	51620089
51620091	51620090
51620091	51620092
51620091	51620481
51620091	51621310
51620091	51624537
51620091	51624649
51620091	51624657
51620091	55488695
51620091	55488696
51620091	55488697
51620091	55488698
51620091	55488699
51620091	55488700
51620092	51425164
51620092	51425165
51620092	51425166
51620092	51425167
51620092	51425168