0
1
2
3
4
5
6
7
8
9
10
11
12
13
14
15
16
17
18
19
20
21
22
23
24
25
26
27
28
29
30
31
32
33
34
35
36
37
38
39
40
41
42
43
44
45
46
47
48
49
50
51
52
53
54
55
56
57
58
59
60
61
62
63
65
66
67
68
69
70
71
72
74
79
80
81
82
83
84
85
86
87
89
90
51425164
51425165
51425166
51425167
51425168
51425169
51425170
51425171
51425172
51425173
51425174
51425175
51425176
51425177
51619885
51620031
51620084
51620085
51620086
51620087
51620088
51620089
51620090
51620091
51620092
51620481
51621310
51624537
51624649
51624657
55488695
55488696
55488697
55488698
55488699
55488700
